%YAML:1.0
intrisics: !!opencv-matrix
   rows: 3
   cols: 3
   dt: d
   data: [ 1.9878114869775281e+03, 0., 4.6815125687978860e+02, 0.,
       1.9871239371236998e+03, 8.0147295397148548e+02, 0., 0., 1. ]
projResX: 1024
projResY: 768
rotation: !!opencv-matrix
   rows: 3
   cols: 1
   dt: d
   data: [ -6.3792025034280719e-02, -3.0933812730672843e+00,
       -1.9959459172790545e-01 ]
translation: !!opencv-matrix
   rows: 3
   cols: 1
   dt: d
   data: [ -1.4071953348385735e+01, 6.3273276503561021e+01,
       2.2037611529259795e+01 ]
reprojectionError: 2.5624029636383057e+00
