%YAML:1.0
intrisics: !!opencv-matrix
   rows: 3
   cols: 3
   dt: d
   data: [ 2.4232938960341839e+03, 0., 5.4063648798050565e+02, 0.,
       2.4207061020993542e+03, 7.9101315103538275e+02, 0., 0., 1. ]
projResX: 1024
projResY: 768
rotation: !!opencv-matrix
   rows: 3
   cols: 1
   dt: d
   data: [ -5.8812762012568361e-02, 3.1113786337145459e+00,
       2.2471775963713012e-01 ]
translation: !!opencv-matrix
   rows: 3
   cols: 1
   dt: d
   data: [ 1.3221998040447784e-02, 6.3492909598695108e-02,
       6.3418126835510678e-03 ]
reprojectionError: 3.9009325504302979e+00
